OPERATOR_ID=0.0.3418037
OPERATOR_KEY=302e020100300506032b6570042204209a8e2c8aa050ed6164018d6f304cafe2b93b154d01b5a9f6dcbf923c74dee376
NFT_COLLECTION_ID=0.0.3418062

SERVER_PORT=3000
# DB_URL="mongodb+srv://root:D9mDqI1T92SFymZq@cluster0.lv5anm6.mongodb.net/?retryWrites=true&w=majority"

DB_URL= "mongodb://localhost:27017"


