OPERATOR_ID=0.0.3507539
OPERATOR_KEY=302e020100300506032b657004220420185b323245377862cb116fd36db8c2b0352dcee002e4c8bd4cb74d0df88eff48
NFT_COLLECTION_ID=0.0.3418062

SERVER_PORT=3000
# DB_URL="mongodb+srv://root:D9mDqI1T92SFymZq@cluster0.lv5anm6.mongodb.net/?retryWrites=true&w=majority"

DB_URL= "mongodb://localhost:27017"


